time,x,y,z,phi,theta,psi,x_velocity,y_velocity,z_velocity,phi_velocity,theta_velocity,psi_velocity,rotor_speed1,rotor_speed2,rotor_speed3,rotor_speed4
0.06,4.26933561414e-08,-9.12514290227e-08,10.0030036673,6.28298462092,6.28284171242,0.0,1.52807427407e-05,-1.22409193493e-05,0.100117975136,-0.0110527735168,-0.0207777797053,0.0,438.1259200402143,436.3953848470255,437.07388214189933,436.1519775535413
0.12000000000000001,1.23506456456e-05,-7.3071002153e-06,10.011332127,6.28229568426,6.2816957847,0.0,0.000512813606359,-0.000294969998434,0.17748773231,-0.0123554158358,-0.0159364118728,0.0,428.95318071749614,429.3640682025512,430.2506159741851,430.1404531735332
0.18,7.82561729387e-05,-4.61345691439e-05,10.0253805709,6.28197036459,6.28067751689,0.0,0.00178656200856,-0.00105187948989,0.29077073863,0.00572199852315,-0.0191251743398,0.0,441.4673383417841,441.20426847027994,440.1996678211521,441.6928681508335
0.23999999999999996,0.000237540630569,-0.000131089949955,10.0442907073,6.28250577433,6.27924715764,0.0,0.00364247931147,-0.00173783536915,0.339553174438,0.014660717638,-0.035500888771,0.0,420.8103302799509,419.3904842821384,420.38507492826454,421.15867377992845
0.3,0.000551643583292,-0.000246871732937,10.0691339542,7.41515850429e-05,6.27739711725,0.0,0.00704335895912,-0.00203189763258,0.488501601581,0.00799229937574,-0.0228380388548,0.0,451.99461207177904,453.0134747750753,452.38502215333256,451.8477188487597
0.36000000000000004,0.00110009511091,-0.000365176765151,10.1019577595,0.000717385670943,6.27728285,0.0,0.0112975631996,-0.00185241375988,0.605569552351,0.0156840673801,0.0226897585069,0.0,440.4418106819077,444.1906450824523,442.47292075276044,443.10548041487334
0.4200000000000001,0.0018889457179,-0.000458644524765,10.1402657543,0.00184550571487,6.27851441248,0.0,0.0148711752876,-0.00116230795329,0.67132743839,0.0244038087804,0.0158039061656,0.0,426.66445095827504,426.0762496224333,425.84396717241816,426.58906267392814
0.48000000000000015,0.0028633731962,-0.000489630717104,10.1811726643,0.00337526002905,6.27905108895,0.0,0.0175373939271,0.000264654981117,0.692223637472,0.0275949398252,-0.0105716517327,0.0,413.27807462538766,410.94700953522744,410.77250029762615,411.0555237717776
0.5400000000000001,0.00402191674835,-0.000381022466536,10.230218984,0.00461598890324,6.27889759748,0.0,0.0211245643119,0.00354229636145,0.942480173266,0.000916725365771,0.00995748540181,0.0,481.86535028420343,483.41459553069285,483.8675026162365,481.85516791156317
0.6000000000000002,0.00537323012605,-7.44098937733e-05,10.2891677324,0.00557764374578,6.27918921079,0.0,0.0238722128239,0.00673829543603,1.02240954654,0.0359948304409,-0.00803167939541,0.0,432.16807271725435,430.6492605518573,429.91155414261726,432.87317400496454
0.6600000000000003,0.00689351651207,0.000458838752047,10.3543745791,0.00802073895048,6.27863364224,0.0,0.0268584713914,0.0112818754508,1.15102919336,0.0487970251423,-0.0118356800892,0.0,447.06650805358714,446.7566109018409,446.47860797959305,447.52259446652107
0.7200000000000003,0.00862659839698,0.00135868860844,10.4317854899,0.0111460022843,6.27809465666,0.0,0.0309889536265,0.0190998181532,1.42902540913,0.0579662727067,-0.00381404568914,0.0,491.25988683114105,491.85438694239235,491.0172100103591,491.69835464333863
0.7800000000000004,0.0106260802469,0.0028264921654,10.5271733167,0.0144839411556,6.27786117048,0.0,0.0356893250965,0.0302815377239,1.75012846331,0.050502068916,-0.0040466789774,0.0,504.0800387849359,504.06330544680446,504.48654079261354,503.9490311747941
0.8400000000000004,0.0128820266807,0.00496427082345,10.6358565106,0.0173109918358,6.27752550761,0.0,0.0395380762872,0.0412843009573,1.87244699756,0.0393062669269,-0.00888500058409,0.0,447.72040260257336,447.3267046258178,446.7968802361833,445.8845378743934
0.9000000000000005,0.0153726975633,0.00780725644305,10.7511387808,0.0191353489087,6.27718328387,0.0,0.0435271410859,0.0537051480131,1.97012720513,-0.00078559058095,1.03298750135e-06,0.0,439.93434359638576,440.66954464646494,440.6120187469005,437.2854177704614
0.9600000000000005,0.0181182407041,0.0114568301214,10.8740271204,0.0190380365566,6.27672486367,0.0,0.0480057678496,0.06793401792,2.12587387011,-0.00334934701727,-0.0308596477282,0.0,458.87397927841283,456.41779146062544,458.43699699638665,458.2332862383685
1.0200000000000005,0.0211464950446,0.0159485945924,11.0057993872,0.018851290342,6.27552417123,0.0,0.0530926315729,0.0817652756716,2.26626603792,-0.00264274626109,-0.00422765823349,0.0,453.4131975181691,455.547596807312,453.27312927810567,453.3299704335514
1.0800000000000005,0.0244711614567,0.0211940988854,11.1421576807,0.0187758032338,6.27508531084,0.0,0.0577594180613,0.0930738774354,2.2789845492,0.00137670832541,-0.0143400047152,0.0,414.5339621492013,413.6445209538138,412.7034017203006,413.0580389200869
1.1400000000000006,0.0280779654489,0.0271015138311,11.278392428,0.0195122856903,6.2746411327,0.0,0.0625205578607,0.103880093721,2.26220535891,0.0281134893107,0.00374553170703,0.0,402.23491115630645,403.8694762041178,402.7167501962271,405.1278365807716
1.2000000000000006,0.0320207604655,0.0337806665582,11.4189898198,0.0211031321436,6.27460489283,0.0,0.0688905045787,0.118933950246,2.42404098854,0.0231069331978,-0.011153647567,0.0,461.0781985757665,459.89967385672753,461.66781921454475,461.272758683844
1.2600000000000007,0.036370568567,0.0414489607085,11.5716299368,0.0233415468106,6.27361317712,0.0,0.0761964972254,0.136897837706,2.66342960095,0.0564420388077,-0.0303479185233,0.0,485.0509535082561,483.60746433464874,483.4619504333978,485.96748154908914
1.3200000000000007,0.041154175142,0.0501750671712,11.7351578522,0.0266088316105,6.27179675414,0.0,0.0834460179772,0.154316403769,2.78719483916,0.050152107192,-0.0301257496931,0.0,450.7471998797708,450.76487088064863,451.8707359040058,451.365325592641
1.3800000000000008,0.046379157039,0.0599395507912,11.9033407048,0.0297495934419,6.26980294,0.0,0.0908929691343,0.171446717405,2.81881058309,0.0564063458593,-0.0403005021002,0.0,423.26944677706183,422.392370568892,421.76867565637997,422.31042169544565
1.4400000000000008,0.0521833453673,0.0709971381283,12.0801549159,0.0337811099652,6.26732277701,0.0,0.10287696457,0.197589866458,3.07432290663,0.0829037041672,-0.0434914238759,0.0,491.4146378456832,491.1773226179189,489.73912901219103,491.7087679251122
1.5000000000000009,0.058735891243,0.0836593984585,12.2702072368,0.0388311233064,6.26493883869,0.0,0.115818191298,0.225042049208,3.26021317096,0.0865790879123,-0.0331133937891,0.0,472.7090327196527,473.50736698414266,471.14431772771434,471.4337466825511
1.560000000000001,0.0661711489045,0.0982024825547,12.4742815466,0.0446737427631,6.26320237885,0.0,0.132246551297,0.26041179116,3.54139598985,0.11309876743,-0.0216856913546,0.0,500.0747473317973,500.9063263377288,499.82151431100806,501.75721382408796
1.620000000000001,0.0744983774608,0.114717848815,12.6884926096,0.051574059621,6.26165160538,0.0,0.145458750724,0.290746524497,3.59875257651,0.118565833537,-0.0358340772255,0.0,436.12059699388925,434.9370148205189,435.4473689317987,435.9165687822453
1.680000000000001,0.0836393033758,0.133159087214,12.9055915111,0.0585879417909,6.25958387908,0.0,0.159431903519,0.32461073517,3.63770483578,0.113338004242,-0.0318509465867,0.0,430.52087566915327,430.85723881215523,429.8210715706485,429.39051835793134
1.740000000000001,0.0936940577473,0.153855920038,13.1265699739,0.0652743830915,6.25762547756,0.0,0.175913898892,0.365942960359,3.72789581836,0.10735093944,-0.0342664886051,0.0,447.4405156039046,447.24341136551885,446.6441854678786,446.16654182910213
1.8000000000000012,0.104805906255,0.177238358462,13.3540147786,0.0718153528099,6.25548539576,0.0,0.194691721655,0.414128184659,3.85311632731,0.112151738315,-0.0386290645661,0.0,458.6818464875755,458.3347161101724,458.1825898785367,458.5741935447216
1.8600000000000012,0.117033585989,0.203502772574,13.5869120979,0.0784119991385,6.2529644625,0.0,0.213122278379,0.461972659716,3.90986367082,0.105121079062,-0.04983234944,0.0,438.4022338615442,437.4692809292516,438.48014552157883,437.9064898983579
1.9200000000000013,0.130536978525,0.233071954556,13.827068774,0.0845396479364,6.2504914589,0.0,0.237279066972,0.524323983672,4.09462434049,0.0953499312211,-0.0279719029567,0.0,476.7492677116387,478.4158414727938,478.4239290962199,477.6875463951749
1.9800000000000013,0.145397615422,0.266149134338,14.0739578017,0.0900874553261,6.24956704322,0.0,0.258183897273,0.578757317933,4.13479254478,0.0859603822617,0.00215704728327,0.0,433.724320906198,436.2476024895249,435.1495096850179,434.3701058814426
2.0400000000000014,0.161401627058,0.302262469044,14.319606796,0.0955286410467,6.24973413101,0.0,0.275280040563,0.62544223547,4.05374127805,0.0987658808108,0.00401170620948,0.0,394.26193698355576,394.4332212200344,393.6485830381279,394.8398710276896
2.1000000000000014,0.178616261632,0.34180415773,14.5659880921,0.101487703113,6.24948923137,0.0,0.298516658407,0.693181513843,4.15850201967,0.100398275642,-0.0297905216285,0.0,456.20373321241476,453.4964994303337,455.5983000108939,455.737027694261
2.1600000000000015,0.197185141184,0.385376060687,14.8171063706,0.107859909117,6.2480574736,0.0,0.320589123649,0.759778271254,4.21181025432,0.115822474467,-0.0140681169335,0.0,439.13662314233187,440.43888699124943,439.77304802081574,441.05877260889275
2.2200000000000015,0.217138770658,0.433179225009,15.0724180254,0.114939255571,6.24687953189,0.0,0.344616052129,0.834317336981,4.29813347596,0.122000377932,-0.0341054254286,0.0,452.4237896661047,450.807447830096,450.4774191983256,450.9890075938572
2.2800000000000016,0.238468472791,0.485305008323,15.3303809666,0.12194972126,6.24567917928,0.0,0.366505953012,0.903826562455,4.30049929291,0.10376201592,-0.000962881368216,0.0,424.67740964996744,427.51091938277415,424.988165154186,423.43461880093173
2.3400000000000016,0.261326183594,0.54237263186,15.5937399343,0.127910763346,6.24586398698,0.0,0.395379606245,0.999021966485,4.47731098089,0.0886270708663,0.0101395002099,0.0,479.61438284749227,480.45689170830383,480.1199709614013,478.97782540893644
2.4000000000000017,0.285710708733,0.604600334617,15.8624102293,0.134093867292,6.24660935459,0.0,0.417373581839,1.07572991384,4.47824653268,0.122385897033,0.0166374393252,0.0,426.7481822953385,427.3024370277498,425.0038137241253,427.89696227483137
2.4600000000000017,0.311330920111,0.67128785016,16.1292446521,0.141292814579,6.2476011011,0.0,0.436559366131,1.14777253122,4.41634931384,0.114686611207,0.016311575046,0.0,404.9925679712643,404.9631947851534,406.7809785884145,406.10525608436114
2.520000000000002,0.338268402977,0.743140202023,16.3974481834,0.14824675671,6.24855273605,0.0,0.461235828563,1.24793694068,4.52317695408,0.118217768505,0.0149430313939,0.0,460.7133549080056,460.6050207250478,460.3198473452418,460.6107144859455
2.580000000000002,0.366459833709,0.820254686808,16.666123369,0.155627760872,6.24927318246,0.0,0.478424950187,1.32311387082,4.43288074594,0.131201211722,0.00537319029332,0.0,397.00584474614135,396.1265703843049,396.37843538832516,397.5855471595033
2.640000000000002,0.39584155607,0.90276913859,16.9342881497,0.163322845093,6.24955018909,0.0,0.500920435121,1.4280573331,4.50545217685,0.121588455866,0.00305924930585,0.0,450.6801042841265,450.4929330709225,451.3875266126091,450.6257494542306
2.700000000000002,0.426539456166,0.991591358447,17.2059620011,0.170699880687,6.24954878041,0.0,0.522321387865,1.53330912434,4.54995889255,0.12554197213,-0.00703929913306,0.0,443.43257629091954,442.60213483790983,442.68295034399125,443.02192984103624
2.760000000000002,0.45851008517,1.08680009301,17.4799040628,0.178184797573,6.24886144467,0.0,0.543405826136,1.64094510295,4.58109534695,0.12311444291,-0.0222045873485,0.0,440.01712077757844,438.7598076234986,439.65395476242657,439.4670828969492
2.820000000000002,0.491798259827,1.18879511402,17.7567548365,0.185928182632,6.24800766767,0.0,0.566288289137,1.7595305187,4.64674169016,0.138862625907,-0.00176255849354,0.0,450.9816594096579,452.63007156186865,450.08011716583667,451.36784648370923
2.880000000000002,0.526479232784,1.29809430939,18.0377189441,0.193785167156,6.24784949392,0.0,0.589738632679,1.88446957841,4.71814915375,0.106323244733,-0.00444359759475,0.0,453.6702316779737,453.4549366822974,456.15132305173086,453.5597345403424
2.940000000000002,0.562544640357,1.41489266749,18.322230925,0.199983201185,6.24712438452,0.0,0.612466482436,2.00930446469,4.76513718088,0.0964479650236,-0.0353037543197,0.0,448.8153716724447,446.3033494937597,448.179965736818,447.3856530460257
3.000000000000002,0.599987734823,1.53925525847,18.609366802,0.205646740591,6.24487998991,0.0,0.635830088959,2.1365463778,4.80563084281,0.0899302837815,-0.0419829106099,0.0,446.99221120045127,446.4468335672801,446.6546828939827,446.13024247019564
3.0600000000000023,0.638874262771,1.67133921531,18.8988588021,0.211121351385,6.24288017236,0.0,0.660583328137,2.26664720277,4.84367804618,0.0937467631686,-0.0200404617356,0.0,445.2905632081264,447.0816820848786,447.03670137518463,447.35455142336525
3.1200000000000023,0.679204222874,1.81093203484,19.1887881974,0.21745490879,6.24163198943,0.0,0.683848411396,2.38689758616,4.82048035576,0.122350433079,-0.0223734328076,0.0,427.5924521196835,427.3936187223746,426.359950240684,428.8069782410581
3.1800000000000024,0.721197092318,1.95912041169,19.4830453496,0.225251048806,6.24068254981,0.0,0.715997982529,2.55330651029,4.98695260604,0.141905711624,-0.00518708812984,0.0,486.79883009383883,488.0834338724901,486.7880424030784,488.2629664674783
3.2400000000000024,0.764989599485,2.11669477669,19.7839023444,0.235233254634,6.24070963008,0.0,0.743739297378,2.69992211769,5.04094867244,0.193268802823,0.00984571255555,0.0,454.62788668846264,455.830988352667,453.7732688902391,457.90197328651504
3.3000000000000025,0.810516562435,2.28367248343,20.0896641962,0.246837343579,6.24085051442,0.0,0.773739955036,2.86697033125,5.15005706618,0.193665103046,-0.0201422855037,0.0,476.28111326358606,473.9816733086627,473.1096898545802,473.1741949166009
3.3600000000000025,0.857786339785,2.46055718385,20.4005365905,0.258606367159,6.23928672135,0.0,0.802023849991,3.03011682961,5.21149343192,0.200700721275,-0.0418183992799,0.0,462.7409531970833,461.03097395416376,461.0445309410177,461.63614267625644
3.4200000000000026,0.906705547953,2.64696776344,20.7132232772,0.270230240288,6.23675236091,0.0,0.828827424294,3.18447154169,5.21082435913,0.173783343814,-0.0430945544687,0.0,443.9489555656063,443.84324249827773,444.3288395089946,442.15222918890913
3.4800000000000026,0.957319399311,2.84306022668,21.0266502022,0.280237625723,6.23438717537,0.0,0.858509064602,3.35268777853,5.23604064975,0.146726986904,-0.0329324852024,0.0,453.03855467194904,453.8542914357573,454.0328071993968,451.8819152380787
3.5400000000000027,1.00968698642,3.04901553764,21.3401784092,0.28859146155,6.23237809303,0.0,0.887236767644,3.51307695623,5.21449431758,0.116793530201,-0.0346124351297,0.0,440.0440616628194,439.9044866907649,439.978282481525,437.51016579192947
3.6000000000000028,1.06404569286,3.26601526464,21.6567388567,0.296099538498,6.23090459321,0.0,0.924852039773,3.72062906336,5.33632622664,0.138040576606,-0.00964650234999,0.0,484.9258616577065,486.7978551658447,484.62354133358923,486.23075395425786
3.660000000000003,1.12060302585,3.49514167435,21.9790207387,0.305004150192,6.23042595261,0.0,0.960398519475,3.91743932852,5.4054215683,0.163659401564,-0.00483209484803,0.0,471.6699630166993,472.04182431409333,471.08782774190206,473.0837996018128
3.720000000000003,1.17936612482,3.73661227523,22.306576281,0.314493751049,6.22992642265,0.0,0.998349836715,4.13216418273,5.51179852071,0.143936855675,-0.0164342317278,0.0,486.68603055367254,485.81682034857835,485.60422457393327,484.14339199763054
3.780000000000003,1.24028562694,3.99036672259,22.638093865,0.322933396241,6.22877643609,0.0,1.03236278899,4.32679755698,5.53798118631,0.133146609735,-0.025282909927,0.0,463.40250299113166,462.7063047193342,463.80285081095093,462.9718692247745
3.840000000000003,1.30312509323,4.25509321812,22.9686490675,0.33047767057,6.22724450675,0.0,1.06240012398,4.49787745883,5.48024152448,0.103728229843,-0.0260352973193,0.0,437.4131400650994,437.3503345685705,438.45293631490944,436.0155399783022
3.900000000000003,1.36803047129,4.53155785587,23.2997262742,0.33730326971,6.2252149887,0.0,1.10123049855,4.71780854589,5.55458461203,0.128637823914,-0.0578187175846,0.0,482.1166616067348,479.7081131812818,479.56563779034315,481.46454602410444
3.960000000000003,1.43516075916,4.8204666289,23.6327669921,0.345712053135,6.22279873417,0.0,1.13666820814,4.91288080423,5.54610119415,0.156618183001,-0.0182383195133,0.0,455.1503941530304,458.3067537298893,455.6218409145524,457.87104832316965
4.020000000000002,1.50457199192,5.12186530384,23.9670809014,0.355478815876,6.22157089362,0.0,1.1770918602,5.13420000048,5.59654304064,0.172882712164,-0.0253346356473,0.0,477.0389900645531,476.49672151340405,476.93456391543214,478.1984646689563
4.080000000000001,1.57605224759,5.43455548026,24.2986012734,0.366158852492,6.22052828606,0.0,1.20568122433,5.28946824145,5.45420098661,0.186644483096,-0.00493127204625,0.0,414.1322788768743,415.92361988895925,413.9570477112214,415.1994724109906
4.14,1.64942130543,5.75761361489,24.62396232,0.377191128538,6.21987380058,0.0,1.2399635115,5.47976148833,5.39064278237,0.177661659679,-0.0268737923342,0.0,443.5510951212994,441.74496442299704,442.68023061527833,441.9731216063743
4.199999999999998,1.72502166056,6.09316922096,24.947806109,0.388595884559,6.21840608751,0.0,1.28013428973,5.70595223173,5.40305096006,0.207475791032,-0.0200290454249,0.0,468.0490480124435,468.5815303519264,468.46839134209137,470.81364595319485
4.259999999999997,1.80301728708,6.44223960028,25.2717491657,0.400747568133,6.21681076265,0.0,1.31978633332,5.93034074385,5.39398217257,0.190151030249,-0.0448322395048,0.0,465.6296587696431,463.68446763610484,464.953386003466,463.6317711710193
4.319999999999996,1.8835341725,6.80558788383,25.5965685256,0.413742789849,6.21428474045,0.0,1.36428671036,6.1818007258,5.43183794057,0.244646807495,-0.0371321490849,0.0,481.91833032991707,482.49933930962015,479.74909905522253,483.9093431799883
4.379999999999995,1.96645850357,7.18243951101,25.9194798765,0.429436922324,6.21300398019,0.0,1.3999577399,6.38076112303,5.33119559588,0.283060037261,-0.000785718416931,0.0,437.8430156248973,440.8572470711642,437.350078937092,440.6063127885018
4.439999999999993,2.05181518574,7.57309867892,26.2398676149,0.446853676573,6.21279996981,0.0,1.44517664398,6.64209000107,5.34664019491,0.301769588478,-0.00922264031053,0.0,480.8592379546978,480.21957553058525,479.02764149470664,480.5267987534107
4.499999999999992,2.13931148694,7.97617345086,26.5536944635,0.464867333548,6.21238914171,0.0,1.47141886469,6.79477109191,5.11435246138,0.296959150875,-0.00247539153424,0.0,395.8176382178829,396.4384325649718,395.4367033623118,395.0972600096176
4.559999999999991,2.2285784838,8.38980937354,26.8559618564,0.482441980536,6.21250782095,0.0,1.50412510133,6.99401224685,4.96064266794,0.28327701437,0.00965840506489,0.0,426.0222869663481,427.0588443827048,425.6178059330334,424.5360902281721
4.6199999999999894,2.32027493336,8.81871852083,27.1548376244,0.499629639024,6.21317448101,0.0,1.55222448989,7.30358450904,4.99968927127,0.292157215097,0.013868492435,0.0,493.61569758418614,493.92623423848136,494.14964769931805,494.8779906023704
4.679999999999988,2.41435671961,9.26316881936,27.4498655713,0.518267175118,6.21374030331,0.0,1.58375545864,7.51229593289,4.83391683767,0.333349667988,-0.00138487406368,0.0,427.4113474835645,426.1088083041845,426.79025852465634,430.39190228139284
4.739999999999987,2.51024456173,9.71979387165,27.7338793945,0.538330769289,6.21345109178,0.0,1.61250112707,7.70949158136,4.6326564114,0.336397097656,-0.0127716411825,0.0,416.35371912834097,415.3560019647831,415.76036122492764,416.1504790667115
4.799999999999986,2.60799069413,10.1894099434,28.0073104161,0.558930599666,6.21247198617,0.0,1.64571692491,7.94522343568,4.48060037764,0.354446716669,-0.0245719409083,0.0,436.68628595822145,435.7005594579403,436.03467853772,437.66307561036575
4.859999999999984,2.70761140323,10.6724059247,28.2699044086,0.57989659461,6.21069565035,0.0,1.67505314324,8.15552587573,4.27178151327,0.336866081778,-0.0422855038207,0.0,418.89111696758994,417.3469228876627,417.26776341931776,415.8638281108237
4.919999999999983,2.80911817674,11.1689806627,28.5210148223,0.600440119297,6.20796349174,0.0,1.70864440519,8.39766925275,4.09744254109,0.351604735982,-0.052989440034,0.0,433.43241694990866,432.5302672868672,432.5761397262767,433.93916138172807
4.979999999999982,2.91273287993,11.6806871811,28.7621011845,0.621213229263,6.20496714986,0.0,1.74533988303,8.65982869848,3.93736164104,0.332415794985,-0.0444481788611,0.0,441.23408146173983,441.93730588080894,442.80689418516414,441.3484679134615
5.0399999999999805,3.01824089984,12.2057311376,28.9898277243,0.640745245028,6.20224353525,0.0,1.77174581593,8.84238599886,3.65328311404,0.306006404761,-0.0473541244481,0.0,394.618763251223,394.34882965832867,394.3695616707056,392.0441919237945
